0 NONE -20000;0 0;0
1 NONE 32767;0 0;0
2 NONE 32767;0 0;0
3 NONE 32767;0 0;0
4 NONE 32767;0 0;0
5 NONE 32767;0 0;0
6 NONE 32767;0 0;0
7 NONE 32767;0 0;0
8 NONE 32767;0 0;0
9 NONE 32767;0 0;0
10 NONE 32767;0 0;0
11 NONE 32767;0 0;-32767
12 NONE 32767;0 0;-32767
13 NONE 0;0 0;-32767
14 NONE 0;0 0;-32767
15 NONE 0;0 0;-32767
115 KEY_Y -32767;0 0;0
116 NONE -32767;0 0;0
117 NONE -32767;0 0;0
118 NONE -32767;0 0;0
119 NONE -32767;0 0;0
120 NONE -32767;0 0;0
121 NONE -32767;0 0;0
125 NONE 0;0 0;-32767
132 NONE 0;-32767 0;0
134 NONE 0;-32767 0;0
136 NONE 0;-32767 0;0
177 KEY_Y 0;0 0;0
180 KEY_Y 32767;0 -32767;0
181 NONE 32767;0 0;0
182 NONE 32767;0 0;0
183 NONE 32767;0 0;0
184 NONE 32767;0 0;0
185 NONE 32767;0 0;0
186 NONE 32767;0 0;0
187 NONE 32767;0 0;0
188 NONE 32767;0 0;0
189 NONE 32767;0 0;0
190 NONE 32767;0 0;0
191 NONE 32767;0 0;0
192 NONE 32767;0 0;0
193 NONE 32767;0 0;0
194 NONE 32767;0 0;0
195 NONE 32767;0 0;0
196 NONE 32767;0 0;0
197 NONE 32767;0 0;0
198 NONE 32767;0 0;0
199 NONE 32767;0 0;0
200 NONE 32767;0 0;0
201 NONE 32767;0 0;0
202 NONE 32767;0 0;0
203 NONE 32767;0 0;0
204 NONE 32767;0 0;0
205 NONE 32767;0 0;0
206 NONE 32767;0 0;0
207 NONE 32767;0 0;0
208 NONE 32767;0 0;0
209 NONE 32767;0 0;0
210 NONE 32767;0 0;0
220 NONE 0;-32767 0;0
222 NONE 0;-32767 0;0
224 NONE 0;-32767 0;0
226 NONE 0;-32767 0;0
232 NONE 0;0 0;32767
233 NONE 0;0 0;32767
234 NONE 0;0 0;32767
235 NONE 0;0 0;32767
